  2.8408227e-001
  2.7737337e-001
  2.6839632e-001
  2.5800662e-001
  2.4691852e-001
  2.3565302e-001
  2.2455642e-001
  2.1384214e-001
  3.0599156e-001
  2.9734376e-001
  2.8605325e-001
  2.7332471e-001
  2.6007312e-001
  2.4690127e-001
  2.3416797e-001
  2.2206686e-001
  3.2913853e-001
  3.1809259e-001
  3.0405552e-001
  2.8866326e-001
  2.7303693e-001
  2.5783586e-001
  2.4340325e-001
  2.2989107e-001
  3.5225487e-001
  3.3851986e-001
  3.2150585e-001
  3.0331904e-001
  2.8526918e-001
  2.6804270e-001
  2.5194392e-001
  2.3706816e-001
  3.7343312e-001
  3.5711187e-001
  3.3727322e-001
  3.1646702e-001
  2.9616831e-001
  2.7707835e-001
  2.5945824e-001
  2.4334634e-001
  3.9074507e-001
  3.7238333e-001
  3.5027553e-001
  3.2733002e-001
  3.0517193e-001
  2.8452951e-001
  2.6563760e-001
  2.4849189e-001
  4.0306900e-001
  3.8340802e-001
  3.5978343e-001
  3.3534570e-001
  3.1184927e-001
  2.9006634e-001
  2.7022887e-001
  2.5230989e-001
  4.1025724e-001
  3.8994033e-001
  3.6550130e-001
  3.4021931e-001
  3.1593672e-001
  2.9346736e-001
  2.7305252e-001
  2.5465764e-001
  4.1259866e-001
  3.9208927e-001
  3.6740035e-001
  3.4184969e-001
  3.1731039e-001
  2.9461321e-001
  2.7400487e-001
  2.5544964e-001
  4.1025724e-001
  3.8994033e-001
  3.6550130e-001
  3.4021931e-001
  3.1593672e-001
  2.9346736e-001
  2.7305252e-001
  2.5465764e-001
  4.0306900e-001
  3.8340802e-001
  3.5978343e-001
  3.3534570e-001
  3.1184927e-001
  2.9006634e-001
  2.7022887e-001
  2.5230989e-001
  3.9074507e-001
  3.7238333e-001
  3.5027553e-001
  3.2733002e-001
  3.0517193e-001
  2.8452951e-001
  2.6563760e-001
  2.4849189e-001
  3.7343312e-001
  3.5711187e-001
  3.3727322e-001
  3.1646702e-001
  2.9616831e-001
  2.7707835e-001
  2.5945824e-001
  2.4334634e-001
  3.5225487e-001
  3.3851986e-001
  3.2150585e-001
  3.0331904e-001
  2.8526918e-001
  2.6804270e-001
  2.5194392e-001
  2.3706816e-001
  3.2913853e-001
  3.1809259e-001
  3.0405552e-001
  2.8866326e-001
  2.7303693e-001
  2.5783586e-001
  2.4340325e-001
  2.2989107e-001
  3.0599156e-001
  2.9734376e-001
  2.8605325e-001
  2.7332471e-001
  2.6007312e-001
  2.4690127e-001
  2.3416797e-001
  2.2206686e-001
  3.3430190e-001
  3.2252188e-001
  3.0770891e-001
  2.9162775e-001
  2.7543773e-001
  2.5979069e-001
  2.4500842e-001
  2.3122124e-001
  3.6570642e-001
  3.4965618e-001
  3.3036113e-001
  3.1028089e-001
  2.9076681e-001
  2.7243235e-001
  2.5549399e-001
  2.3997491e-001
  3.9850610e-001
  3.7722264e-001
  3.5277707e-001
  3.2834803e-001
  3.0536685e-001
  2.8431311e-001
  2.6524137e-001
  2.4803779e-001
  4.2917823e-001
  4.0265802e-001
  3.7321323e-001
  3.4465854e-001
  3.1843867e-001
  2.9487233e-001
  2.7384630e-001
  2.5511134e-001
  4.5371448e-001
  4.2327211e-001
  3.8995064e-001
  3.5809917e-001
  3.2923454e-001
  3.0358840e-001
  2.8093328e-001
  2.6091858e-001
  4.7023259e-001
  4.3763964e-001
  4.0195626e-001
  3.6792320e-001
  3.3720836e-001
  3.1005679e-001
  2.8619934e-001
  2.6523065e-001
  4.7931124e-001
  4.4583122e-001
  4.0902073e-001
  3.7382979e-001
  3.4206373e-001
  3.1402137e-001
  2.8943598e-001
  2.6788253e-001
  4.8216420e-001
  4.4846239e-001
  4.1133469e-001
  3.7579133e-001
  3.4368969e-001
  3.1535501e-001
  2.9052702e-001
  2.6877708e-001
  4.7931124e-001
  4.4583122e-001
  4.0902073e-001
  3.7382979e-001
  3.4206373e-001
  3.1402137e-001
  2.8943598e-001
  2.6788253e-001
  4.7023259e-001
  4.3763964e-001
  4.0195626e-001
  3.6792320e-001
  3.3720836e-001
  3.1005679e-001
  2.8619934e-001
  2.6523065e-001
  4.5371448e-001
  4.2327211e-001
  3.8995064e-001
  3.5809917e-001
  3.2923454e-001
  3.0358840e-001
  2.8093328e-001
  2.6091858e-001
  4.2917823e-001
  4.0265802e-001
  3.7321323e-001
  3.4465854e-001
  3.1843867e-001
  2.9487233e-001
  2.7384630e-001
  2.5511134e-001
  3.9850610e-001
  3.7722264e-001
  3.5277707e-001
  3.2834803e-001
  3.0536685e-001
  2.8431311e-001
  2.6524137e-001
  2.4803779e-001
  3.6570642e-001
  3.4965618e-001
  3.3036113e-001
  3.1028089e-001
  2.9076681e-001
  2.7243235e-001
  2.5549399e-001
  2.3997491e-001
  3.2913853e-001
  3.1809259e-001
  3.0405552e-001
  2.8866326e-001
  2.7303693e-001
  2.5783586e-001
  2.4340325e-001
  2.2989107e-001
  3.6570642e-001
  3.4965618e-001
  3.3036113e-001
  3.1028089e-001
  2.9076681e-001
  2.7243235e-001
  2.5549399e-001
  2.3997491e-001
  4.0902949e-001
  3.8524089e-001
  3.5868005e-001
  3.3271778e-001
  3.0866914e-001
  2.8686766e-001
  2.6726011e-001
  2.4966228e-001
  4.5762904e-001
  4.2298183e-001
  3.8739454e-001
  3.5476124e-001
  3.2587395e-001
  3.0051846e-001
  2.7824846e-001
  2.5861761e-001
  5.0490165e-001
  4.5850934e-001
  4.1383696e-001
  3.7477745e-001
  3.4134057e-001
  3.1269028e-001
  2.8797587e-001
  2.6649323e-001
  5.4116409e-001
  4.8663040e-001
  4.3524230e-001
  3.9118861e-001
  3.5409372e-001
  3.2273859e-001
  2.9599469e-001
  2.7296709e-001
  5.6305603e-001
  5.0510317e-001
  4.5015748e-001
  4.0302328e-001
  3.6345784e-001
  3.3017903e-001
  3.0195034e-001
  2.7777579e-001
  5.7387499e-001
  5.1500760e-001
  4.5866211e-001
  4.1003171e-001
  3.6912014e-001
  3.3472579e-001
  3.0560690e-001
  2.8073265e-001
  5.7707991e-001
  5.1807552e-001
  4.6139400e-001
  4.1233672e-001
  3.7100767e-001
  3.3625216e-001
  3.0683851e-001
  2.8172986e-001
  5.7387499e-001
  5.1500760e-001
  4.5866211e-001
  4.1003171e-001
  3.6912014e-001
  3.3472579e-001
  3.0560690e-001
  2.8073265e-001
  5.6305603e-001
  5.0510317e-001
  4.5015748e-001
  4.0302328e-001
  3.6345784e-001
  3.3017903e-001
  3.0195034e-001
  2.7777579e-001
  5.4116409e-001
  4.8663040e-001
  4.3524230e-001
  3.9118861e-001
  3.5409372e-001
  3.2273859e-001
  2.9599469e-001
  2.7296709e-001
  5.0490165e-001
  4.5850934e-001
  4.1383696e-001
  3.7477745e-001
  3.4134057e-001
  3.1269028e-001
  2.8797587e-001
  2.6649323e-001
  4.5762904e-001
  4.2298183e-001
  3.8739454e-001
  3.5476124e-001
  3.2587395e-001
  3.0051846e-001
  2.7824846e-001
  2.5861761e-001
  4.0902949e-001
  3.8524089e-001
  3.5868005e-001
  3.3271778e-001
  3.0866914e-001
  2.8686766e-001
  2.6726011e-001
  2.4966228e-001
  3.5225487e-001
  3.3851986e-001
  3.2150585e-001
  3.0331904e-001
  2.8526918e-001
  2.6804270e-001
  2.5194392e-001
  2.3706816e-001
  3.9850610e-001
  3.7722264e-001
  3.5277707e-001
  3.2834803e-001
  3.0536685e-001
  2.8431311e-001
  2.6524137e-001
  2.4803779e-001
  4.5762904e-001
  4.2298183e-001
  3.8739454e-001
  3.5476124e-001
  3.2587395e-001
  3.0051846e-001
  2.7824846e-001
  2.5861761e-001
  5.3105509e-001
  4.7405578e-001
  4.2337723e-001
  3.8105082e-001
  3.4573389e-001
  3.1592181e-001
  2.9044175e-001
  2.6842722e-001
  6.0813074e-001
  5.2346535e-001
  4.5684822e-001
  4.0503424e-001
  3.6364011e-001
  3.2968865e-001
  3.0125830e-001
  2.7707046e-001
  6.6327949e-001
  5.6131499e-001
  4.8354185e-001
  4.2456878e-001
  3.7836692e-001
  3.4104705e-001
  3.1017842e-001
  2.8418125e-001
  6.9080598e-001
  5.8421672e-001
  5.0150100e-001
  4.3844130e-001
  3.8910795e-001
  3.4943461e-001
  3.1679780e-001
  2.8946325e-001
  7.0240384e-001
  5.9555384e-001
  5.1137098e-001
  4.4652016e-001
  3.9555393e-001
  3.5454321e-001
  3.2085658e-001
  2.9271003e-001
  7.0558042e-001
  5.9891299e-001
  5.1447180e-001
  4.4914939e-001
  3.9769226e-001
  3.5625444e-001
  3.2222241e-001
  2.9380468e-001
  7.0240384e-001
  5.9555384e-001
  5.1137098e-001
  4.4652016e-001
  3.9555393e-001
  3.5454321e-001
  3.2085658e-001
  2.9271003e-001
  6.9080598e-001
  5.8421672e-001
  5.0150100e-001
  4.3844130e-001
  3.8910795e-001
  3.4943461e-001
  3.1679780e-001
  2.8946325e-001
  6.6327949e-001
  5.6131499e-001
  4.8354185e-001
  4.2456878e-001
  3.7836692e-001
  3.4104705e-001
  3.1017842e-001
  2.8418125e-001
  6.0813074e-001
  5.2346535e-001
  4.5684822e-001
  4.0503424e-001
  3.6364011e-001
  3.2968865e-001
  3.0125830e-001
  2.7707046e-001
  5.3105509e-001
  4.7405578e-001
  4.2337723e-001
  3.8105082e-001
  3.4573389e-001
  3.1592181e-001
  2.9044175e-001
  2.6842722e-001
  4.5762904e-001
  4.2298183e-001
  3.8739454e-001
  3.5476124e-001
  3.2587395e-001
  3.0051846e-001
  2.7824846e-001
  2.5861761e-001
  3.7343312e-001
  3.5711187e-001
  3.3727322e-001
  3.1646702e-001
  2.9616831e-001
  2.7707835e-001
  2.5945824e-001
  2.4334634e-001
  4.2917823e-001
  4.0265802e-001
  3.7321323e-001
  3.4465854e-001
  3.1843867e-001
  2.9487233e-001
  2.7384630e-001
  2.5511134e-001
  5.0490165e-001
  4.5850934e-001
  4.1383696e-001
  3.7477745e-001
  3.4134057e-001
  3.1269028e-001
  2.8797587e-001
  2.6649323e-001
  6.0813074e-001
  5.2346535e-001
  4.5684822e-001
  4.0503424e-001
  3.6364011e-001
  3.2968865e-001
  3.0125830e-001
  2.7707046e-001
  7.2691599e-001
  5.8779962e-001
  4.9712766e-001
  4.3270815e-001
  3.8377779e-001
  3.4490222e-001
  3.1305717e-001
  2.8640258e-001
  8.0555191e-001
  6.3557393e-001
  5.2880996e-001
  4.5510479e-001
  4.0029339e-001
  3.5744212e-001
  3.2278730e-001
  2.9408380e-001
  8.3708014e-001
  6.6235744e-001
  5.4948722e-001
  4.7079959e-001
  4.1226673e-001
  3.6667777e-001
  3.3000071e-001
  2.9978866e-001
  8.4844544e-001
  6.7471102e-001
  5.6050087e-001
  4.7981088e-001
  4.1940532e-001
  3.7228611e-001
  3.3441812e-001
  3.0329389e-001
  8.5134737e-001
  6.7823431e-001
  5.6389694e-001
  4.8271769e-001
  4.2176355e-001
  3.7416109e-001
  3.3590335e-001
  3.0447529e-001
  8.4844544e-001
  6.7471102e-001
  5.6050087e-001
  4.7981088e-001
  4.1940532e-001
  3.7228611e-001
  3.3441812e-001
  3.0329389e-001
  8.3708014e-001
  6.6235744e-001
  5.4948722e-001
  4.7079959e-001
  4.1226673e-001
  3.6667777e-001
  3.3000071e-001
  2.9978866e-001
  8.0555191e-001
  6.3557393e-001
  5.2880996e-001
  4.5510479e-001
  4.0029339e-001
  3.5744212e-001
  3.2278730e-001
  2.9408380e-001
  7.2691599e-001
  5.8779962e-001
  4.9712766e-001
  4.3270815e-001
  3.8377779e-001
  3.4490222e-001
  3.1305717e-001
  2.8640258e-001
  6.0813074e-001
  5.2346535e-001
  4.5684822e-001
  4.0503424e-001
  3.6364011e-001
  3.2968865e-001
  3.0125830e-001
  2.7707046e-001
  5.0490165e-001
  4.5850934e-001
  4.1383696e-001
  3.7477745e-001
  3.4134057e-001
  3.1269028e-001
  2.8797587e-001
  2.6649323e-001
  3.9074507e-001
  3.7238333e-001
  3.5027553e-001
  3.2733002e-001
  3.0517193e-001
  2.8452951e-001
  2.6563760e-001
  2.4849189e-001
  4.5371448e-001
  4.2327211e-001
  3.8995064e-001
  3.5809917e-001
  3.2923454e-001
  3.0358840e-001
  2.8093328e-001
  2.6091858e-001
  5.4116409e-001
  4.8663040e-001
  4.3524230e-001
  3.9118861e-001
  3.5409372e-001
  3.2273859e-001
  2.9599469e-001
  2.7296709e-001
  6.6327949e-001
  5.6131499e-001
  4.8354185e-001
  4.2456878e-001
  3.7836692e-001
  3.4104705e-001
  3.1017842e-001
  2.8418125e-001
  8.0555191e-001
  6.3557393e-001
  5.2880996e-001
  4.5510479e-001
  4.0029339e-001
  3.5744212e-001
  3.2278730e-001
  2.9408380e-001
  8.9719380e-001
  6.8987686e-001
  5.6411463e-001
  4.7970373e-001
  4.1823381e-001
  3.7094230e-001
  3.3318313e-001
  3.0223633e-001
  9.3168075e-001
  7.1937418e-001
  5.8679363e-001
  4.9680174e-001
  4.3118575e-001
  3.8086488e-001
  3.4088337e-001
  3.0828987e-001
  9.4341627e-001
  7.3255658e-001
  5.9867661e-001
  5.0653559e-001
  4.3887408e-001
  3.8687716e-001
  3.4559408e-001
  3.1200789e-001
  9.4632040e-001
  7.3624696e-001
  6.0230381e-001
  5.0965879e-001
  4.4140691e-001
  3.8888438e-001
  3.4717688e-001
  3.1326066e-001
  9.4341627e-001
  7.3255658e-001
  5.9867661e-001
  5.0653559e-001
  4.3887408e-001
  3.8687716e-001
  3.4559408e-001
  3.1200789e-001
  9.3168075e-001
  7.1937418e-001
  5.8679363e-001
  4.9680174e-001
  4.3118575e-001
  3.8086488e-001
  3.4088337e-001
  3.0828987e-001
  8.9719380e-001
  6.8987686e-001
  5.6411463e-001
  4.7970373e-001
  4.1823381e-001
  3.7094230e-001
  3.3318313e-001
  3.0223633e-001
  8.0555191e-001
  6.3557393e-001
  5.2880996e-001
  4.5510479e-001
  4.0029339e-001
  3.5744212e-001
  3.2278730e-001
  2.9408380e-001
  6.6327949e-001
  5.6131499e-001
  4.8354185e-001
  4.2456878e-001
  3.7836692e-001
  3.4104705e-001
  3.1017842e-001
  2.8418125e-001
  5.4116409e-001
  4.8663040e-001
  4.3524230e-001
  3.9118861e-001
  3.5409372e-001
  3.2273859e-001
  2.9599469e-001
  2.7296709e-001
  4.0306900e-001
  3.8340802e-001
  3.5978343e-001
  3.3534570e-001
  3.1184927e-001
  2.9006634e-001
  2.7022887e-001
  2.5230989e-001
  4.7023259e-001
  4.3763964e-001
  4.0195626e-001
  3.6792320e-001
  3.3720836e-001
  3.1005679e-001
  2.8619934e-001
  2.6523065e-001
  5.6305603e-001
  5.0510317e-001
  4.5015748e-001
  4.0302328e-001
  3.6345784e-001
  3.3017903e-001
  3.0195034e-001
  2.7777579e-001
  6.9080598e-001
  5.8421672e-001
  5.0150100e-001
  4.3844130e-001
  3.8910795e-001
  3.4943461e-001
  3.1679780e-001
  2.8946325e-001
  8.3708014e-001
  6.6235744e-001
  5.4948722e-001
  4.7079959e-001
  4.1226673e-001
  3.6667777e-001
  3.3000071e-001
  2.9978866e-001
  9.3168075e-001
  7.1937418e-001
  5.8679363e-001
  4.9680174e-001
  4.3118575e-001
  3.8086488e-001
  3.4088337e-001
  3.0828987e-001
  9.6803196e-001
  7.5038829e-001
  6.1068164e-001
  5.1481789e-001
  4.4481425e-001
  3.9127899e-001
  3.4893916e-001
  3.1460102e-001
  9.8052644e-001
  7.6424023e-001
  6.2315566e-001
  5.2504267e-001
  4.5288685e-001
  3.9758097e-001
  3.5386403e-001
  3.1847612e-001
  9.8362019e-001
  7.6811054e-001
  6.2695398e-001
  5.2831689e-001
  4.5554272e-001
  3.9968322e-001
  3.5551807e-001
  3.1978157e-001
  9.8052644e-001
  7.6424023e-001
  6.2315566e-001
  5.2504267e-001
  4.5288685e-001
  3.9758097e-001
  3.5386403e-001
  3.1847612e-001
  9.6803196e-001
  7.5038829e-001
  6.1068164e-001
  5.1481789e-001
  4.4481425e-001
  3.9127899e-001
  3.4893916e-001
  3.1460102e-001
  9.3168075e-001
  7.1937418e-001
  5.8679363e-001
  4.9680174e-001
  4.3118575e-001
  3.8086488e-001
  3.4088337e-001
  3.0828987e-001
  8.3708014e-001
  6.6235744e-001
  5.4948722e-001
  4.7079959e-001
  4.1226673e-001
  3.6667777e-001
  3.3000071e-001
  2.9978866e-001
  6.9080598e-001
  5.8421672e-001
  5.0150100e-001
  4.3844130e-001
  3.8910795e-001
  3.4943461e-001
  3.1679780e-001
  2.8946325e-001
  5.6305603e-001
  5.0510317e-001
  4.5015748e-001
  4.0302328e-001
  3.6345784e-001
  3.3017903e-001
  3.0195034e-001
  2.7777579e-001
  4.1025724e-001
  3.8994033e-001
  3.6550130e-001
  3.4021931e-001
  3.1593672e-001
  2.9346736e-001
  2.7305252e-001
  2.5465764e-001
  4.7931124e-001
  4.4583122e-001
  4.0902073e-001
  3.7382979e-001
  3.4206373e-001
  3.1402137e-001
  2.8943598e-001
  2.6788253e-001
  5.7387499e-001
  5.1500760e-001
  4.5866211e-001
  4.1003171e-001
  3.6912014e-001
  3.3472579e-001
  3.0560690e-001
  2.8073265e-001
  7.0240384e-001
  5.9555384e-001
  5.1137098e-001
  4.4652016e-001
  3.9555393e-001
  3.5454321e-001
  3.2085658e-001
  2.9271003e-001
  8.4844544e-001
  6.7471102e-001
  5.6050087e-001
  4.7981088e-001
  4.1940532e-001
  3.7228611e-001
  3.3441812e-001
  3.0329389e-001
  9.4341627e-001
  7.3255658e-001
  5.9867661e-001
  5.0653559e-001
  4.3887408e-001
  3.8687716e-001
  3.4559408e-001
  3.1200789e-001
  9.8052644e-001
  7.6424023e-001
  6.2315566e-001
  5.2504267e-001
  4.5288685e-001
  3.9758097e-001
  3.5386403e-001
  3.1847612e-001
  9.9348599e-001
  7.7848723e-001
  6.3595906e-001
  5.3554276e-001
  4.6118113e-001
  4.0405445e-001
  3.5891800e-001
  3.2244699e-001
  9.9672004e-001
  7.8248143e-001
  6.3986083e-001
  5.3890444e-001
  4.6390877e-001
  4.0621314e-001
  3.6061500e-001
  3.2378454e-001
  9.9348599e-001
  7.7848723e-001
  6.3595906e-001
  5.3554276e-001
  4.6118113e-001
  4.0405445e-001
  3.5891800e-001
  3.2244699e-001
  9.8052644e-001
  7.6424023e-001
  6.2315566e-001
  5.2504267e-001
  4.5288685e-001
  3.9758097e-001
  3.5386403e-001
  3.1847612e-001
  9.4341627e-001
  7.3255658e-001
  5.9867661e-001
  5.0653559e-001
  4.3887408e-001
  3.8687716e-001
  3.4559408e-001
  3.1200789e-001
  8.4844544e-001
  6.7471102e-001
  5.6050087e-001
  4.7981088e-001
  4.1940532e-001
  3.7228611e-001
  3.3441812e-001
  3.0329389e-001
  7.0240384e-001
  5.9555384e-001
  5.1137098e-001
  4.4652016e-001
  3.9555393e-001
  3.5454321e-001
  3.2085658e-001
  2.9271003e-001
  5.7387499e-001
  5.1500760e-001
  4.5866211e-001
  4.1003171e-001
  3.6912014e-001
  3.3472579e-001
  3.0560690e-001
  2.8073265e-001
  4.1259866e-001
  3.9208927e-001
  3.6740035e-001
  3.4184969e-001
  3.1731039e-001
  2.9461321e-001
  2.7400487e-001
  2.5544964e-001
  4.8216420e-001
  4.4846239e-001
  4.1133469e-001
  3.7579133e-001
  3.4368969e-001
  3.1535501e-001
  2.9052702e-001
  2.6877708e-001
  5.7707991e-001
  5.1807552e-001
  4.6139400e-001
  4.1233672e-001
  3.7100767e-001
  3.3625216e-001
  3.0683851e-001
  2.8172986e-001
  7.0558042e-001
  5.9891299e-001
  5.1447180e-001
  4.4914939e-001
  3.9769226e-001
  3.5625444e-001
  3.2222241e-001
  2.9380468e-001
  8.5134737e-001
  6.7823431e-001
  5.6389694e-001
  4.8271769e-001
  4.2176355e-001
  3.7416109e-001
  3.3590335e-001
  3.0447529e-001
  9.4632040e-001
  7.3624696e-001
  6.0230381e-001
  5.0965879e-001
  4.4140691e-001
  3.8888438e-001
  3.4717688e-001
  3.1326066e-001
  9.8362019e-001
  7.6811054e-001
  6.2695398e-001
  5.2831689e-001
  4.5554272e-001
  3.9968322e-001
  3.5551807e-001
  3.1978157e-001
  9.9672004e-001
  7.8248143e-001
  6.3986083e-001
  5.3890444e-001
  4.6390877e-001
  4.0621314e-001
  3.6061500e-001
  3.2378454e-001
  1.0000000e+000
  7.8651732e-001
  6.4379661e-001
  5.4229448e-001
  4.6665982e-001
  4.0839045e-001
  3.6232633e-001
  3.2513285e-001
  9.9672004e-001
  7.8248143e-001
  6.3986083e-001
  5.3890444e-001
  4.6390877e-001
  4.0621314e-001
  3.6061500e-001
  3.2378454e-001
  9.8362019e-001
  7.6811054e-001
  6.2695398e-001
  5.2831689e-001
  4.5554272e-001
  3.9968322e-001
  3.5551807e-001
  3.1978157e-001
  9.4632040e-001
  7.3624696e-001
  6.0230381e-001
  5.0965879e-001
  4.4140691e-001
  3.8888438e-001
  3.4717688e-001
  3.1326066e-001
  8.5134737e-001
  6.7823431e-001
  5.6389694e-001
  4.8271769e-001
  4.2176355e-001
  3.7416109e-001
  3.3590335e-001
  3.0447529e-001
  7.0558042e-001
  5.9891299e-001
  5.1447180e-001
  4.4914939e-001
  3.9769226e-001
  3.5625444e-001
  3.2222241e-001
  2.9380468e-001
  5.7707991e-001
  5.1807552e-001
  4.6139400e-001
  4.1233672e-001
  3.7100767e-001
  3.3625216e-001
  3.0683851e-001
  2.8172986e-001
  4.1025724e-001
  3.8994033e-001
  3.6550130e-001
  3.4021931e-001
  3.1593672e-001
  2.9346736e-001
  2.7305252e-001
  2.5465764e-001
  4.7931124e-001
  4.4583122e-001
  4.0902073e-001
  3.7382979e-001
  3.4206373e-001
  3.1402137e-001
  2.8943598e-001
  2.6788253e-001
  5.7387499e-001
  5.1500760e-001
  4.5866211e-001
  4.1003171e-001
  3.6912014e-001
  3.3472579e-001
  3.0560690e-001
  2.8073265e-001
  7.0240384e-001
  5.9555384e-001
  5.1137098e-001
  4.4652016e-001
  3.9555393e-001
  3.5454321e-001
  3.2085658e-001
  2.9271003e-001
  8.4844544e-001
  6.7471102e-001
  5.6050087e-001
  4.7981088e-001
  4.1940532e-001
  3.7228611e-001
  3.3441812e-001
  3.0329389e-001
  9.4341627e-001
  7.3255658e-001
  5.9867661e-001
  5.0653559e-001
  4.3887408e-001
  3.8687716e-001
  3.4559408e-001
  3.1200789e-001
  9.8052644e-001
  7.6424023e-001
  6.2315566e-001
  5.2504267e-001
  4.5288685e-001
  3.9758097e-001
  3.5386403e-001
  3.1847612e-001
  9.9348599e-001
  7.7848723e-001
  6.3595906e-001
  5.3554276e-001
  4.6118113e-001
  4.0405445e-001
  3.5891800e-001
  3.2244699e-001
  9.9672004e-001
  7.8248143e-001
  6.3986083e-001
  5.3890444e-001
  4.6390877e-001
  4.0621314e-001
  3.6061500e-001
  3.2378454e-001
  9.9348599e-001
  7.7848723e-001
  6.3595906e-001
  5.3554276e-001
  4.6118113e-001
  4.0405445e-001
  3.5891800e-001
  3.2244699e-001
  9.8052644e-001
  7.6424023e-001
  6.2315566e-001
  5.2504267e-001
  4.5288685e-001
  3.9758097e-001
  3.5386403e-001
  3.1847612e-001
  9.4341627e-001
  7.3255658e-001
  5.9867661e-001
  5.0653559e-001
  4.3887408e-001
  3.8687716e-001
  3.4559408e-001
  3.1200789e-001
  8.4844544e-001
  6.7471102e-001
  5.6050087e-001
  4.7981088e-001
  4.1940532e-001
  3.7228611e-001
  3.3441812e-001
  3.0329389e-001
  7.0240384e-001
  5.9555384e-001
  5.1137098e-001
  4.4652016e-001
  3.9555393e-001
  3.5454321e-001
  3.2085658e-001
  2.9271003e-001
  5.7387499e-001
  5.1500760e-001
  4.5866211e-001
  4.1003171e-001
  3.6912014e-001
  3.3472579e-001
  3.0560690e-001
  2.8073265e-001
  4.0306900e-001
  3.8340802e-001
  3.5978343e-001
  3.3534570e-001
  3.1184927e-001
  2.9006634e-001
  2.7022887e-001
  2.5230989e-001
  4.7023259e-001
  4.3763964e-001
  4.0195626e-001
  3.6792320e-001
  3.3720836e-001
  3.1005679e-001
  2.8619934e-001
  2.6523065e-001
  5.6305603e-001
  5.0510317e-001
  4.5015748e-001
  4.0302328e-001
  3.6345784e-001
  3.3017903e-001
  3.0195034e-001
  2.7777579e-001
  6.9080598e-001
  5.8421672e-001
  5.0150100e-001
  4.3844130e-001
  3.8910795e-001
  3.4943461e-001
  3.1679780e-001
  2.8946325e-001
  8.3708014e-001
  6.6235744e-001
  5.4948722e-001
  4.7079959e-001
  4.1226673e-001
  3.6667777e-001
  3.3000071e-001
  2.9978866e-001
  9.3168075e-001
  7.1937418e-001
  5.8679363e-001
  4.9680174e-001
  4.3118575e-001
  3.8086488e-001
  3.4088337e-001
  3.0828987e-001
  9.6803196e-001
  7.5038829e-001
  6.1068164e-001
  5.1481789e-001
  4.4481425e-001
  3.9127899e-001
  3.4893916e-001
  3.1460102e-001
  9.8052644e-001
  7.6424023e-001
  6.2315566e-001
  5.2504267e-001
  4.5288685e-001
  3.9758097e-001
  3.5386403e-001
  3.1847612e-001
  9.8362019e-001
  7.6811054e-001
  6.2695398e-001
  5.2831689e-001
  4.5554272e-001
  3.9968322e-001
  3.5551807e-001
  3.1978157e-001
  9.8052644e-001
  7.6424023e-001
  6.2315566e-001
  5.2504267e-001
  4.5288685e-001
  3.9758097e-001
  3.5386403e-001
  3.1847612e-001
  9.6803196e-001
  7.5038829e-001
  6.1068164e-001
  5.1481789e-001
  4.4481425e-001
  3.9127899e-001
  3.4893916e-001
  3.1460102e-001
  9.3168075e-001
  7.1937418e-001
  5.8679363e-001
  4.9680174e-001
  4.3118575e-001
  3.8086488e-001
  3.4088337e-001
  3.0828987e-001
  8.3708014e-001
  6.6235744e-001
  5.4948722e-001
  4.7079959e-001
  4.1226673e-001
  3.6667777e-001
  3.3000071e-001
  2.9978866e-001
  6.9080598e-001
  5.8421672e-001
  5.0150100e-001
  4.3844130e-001
  3.8910795e-001
  3.4943461e-001
  3.1679780e-001
  2.8946325e-001
  5.6305603e-001
  5.0510317e-001
  4.5015748e-001
  4.0302328e-001
  3.6345784e-001
  3.3017903e-001
  3.0195034e-001
  2.7777579e-001
  3.9074507e-001
  3.7238333e-001
  3.5027553e-001
  3.2733002e-001
  3.0517193e-001
  2.8452951e-001
  2.6563760e-001
  2.4849189e-001
  4.5371448e-001
  4.2327211e-001
  3.8995064e-001
  3.5809917e-001
  3.2923454e-001
  3.0358840e-001
  2.8093328e-001
  2.6091858e-001
  5.4116409e-001
  4.8663040e-001
  4.3524230e-001
  3.9118861e-001
  3.5409372e-001
  3.2273859e-001
  2.9599469e-001
  2.7296709e-001
  6.6327949e-001
  5.6131499e-001
  4.8354185e-001
  4.2456878e-001
  3.7836692e-001
  3.4104705e-001
  3.1017842e-001
  2.8418125e-001
  8.0555191e-001
  6.3557393e-001
  5.2880996e-001
  4.5510479e-001
  4.0029339e-001
  3.5744212e-001
  3.2278730e-001
  2.9408380e-001
  8.9719380e-001
  6.8987686e-001
  5.6411463e-001
  4.7970373e-001
  4.1823381e-001
  3.7094230e-001
  3.3318313e-001
  3.0223633e-001
  9.3168075e-001
  7.1937418e-001
  5.8679363e-001
  4.9680174e-001
  4.3118575e-001
  3.8086488e-001
  3.4088337e-001
  3.0828987e-001
  9.4341627e-001
  7.3255658e-001
  5.9867661e-001
  5.0653559e-001
  4.3887408e-001
  3.8687716e-001
  3.4559408e-001
  3.1200789e-001
  9.4632040e-001
  7.3624696e-001
  6.0230381e-001
  5.0965879e-001
  4.4140691e-001
  3.8888438e-001
  3.4717688e-001
  3.1326066e-001
  9.4341627e-001
  7.3255658e-001
  5.9867661e-001
  5.0653559e-001
  4.3887408e-001
  3.8687716e-001
  3.4559408e-001
  3.1200789e-001
  9.3168075e-001
  7.1937418e-001
  5.8679363e-001
  4.9680174e-001
  4.3118575e-001
  3.8086488e-001
  3.4088337e-001
  3.0828987e-001
  8.9719380e-001
  6.8987686e-001
  5.6411463e-001
  4.7970373e-001
  4.1823381e-001
  3.7094230e-001
  3.3318313e-001
  3.0223633e-001
  8.0555191e-001
  6.3557393e-001
  5.2880996e-001
  4.5510479e-001
  4.0029339e-001
  3.5744212e-001
  3.2278730e-001
  2.9408380e-001
  6.6327949e-001
  5.6131499e-001
  4.8354185e-001
  4.2456878e-001
  3.7836692e-001
  3.4104705e-001
  3.1017842e-001
  2.8418125e-001
  5.4116409e-001
  4.8663040e-001
  4.3524230e-001
  3.9118861e-001
  3.5409372e-001
  3.2273859e-001
  2.9599469e-001
  2.7296709e-001
  3.7343312e-001
  3.5711187e-001
  3.3727322e-001
  3.1646702e-001
  2.9616831e-001
  2.7707835e-001
  2.5945824e-001
  2.4334634e-001
  4.2917823e-001
  4.0265802e-001
  3.7321323e-001
  3.4465854e-001
  3.1843867e-001
  2.9487233e-001
  2.7384630e-001
  2.5511134e-001
  5.0490165e-001
  4.5850934e-001
  4.1383696e-001
  3.7477745e-001
  3.4134057e-001
  3.1269028e-001
  2.8797587e-001
  2.6649323e-001
  6.0813074e-001
  5.2346535e-001
  4.5684822e-001
  4.0503424e-001
  3.6364011e-001
  3.2968865e-001
  3.0125830e-001
  2.7707046e-001
  7.2691599e-001
  5.8779962e-001
  4.9712766e-001
  4.3270815e-001
  3.8377779e-001
  3.4490222e-001
  3.1305717e-001
  2.8640258e-001
  8.0555191e-001
  6.3557393e-001
  5.2880996e-001
  4.5510479e-001
  4.0029339e-001
  3.5744212e-001
  3.2278730e-001
  2.9408380e-001
  8.3708014e-001
  6.6235744e-001
  5.4948722e-001
  4.7079959e-001
  4.1226673e-001
  3.6667777e-001
  3.3000071e-001
  2.9978866e-001
  8.4844544e-001
  6.7471102e-001
  5.6050087e-001
  4.7981088e-001
  4.1940532e-001
  3.7228611e-001
  3.3441812e-001
  3.0329389e-001
  8.5134737e-001
  6.7823431e-001
  5.6389694e-001
  4.8271769e-001
  4.2176355e-001
  3.7416109e-001
  3.3590335e-001
  3.0447529e-001
  8.4844544e-001
  6.7471102e-001
  5.6050087e-001
  4.7981088e-001
  4.1940532e-001
  3.7228611e-001
  3.3441812e-001
  3.0329389e-001
  8.3708014e-001
  6.6235744e-001
  5.4948722e-001
  4.7079959e-001
  4.1226673e-001
  3.6667777e-001
  3.3000071e-001
  2.9978866e-001
  8.0555191e-001
  6.3557393e-001
  5.2880996e-001
  4.5510479e-001
  4.0029339e-001
  3.5744212e-001
  3.2278730e-001
  2.9408380e-001
  7.2691599e-001
  5.8779962e-001
  4.9712766e-001
  4.3270815e-001
  3.8377779e-001
  3.4490222e-001
  3.1305717e-001
  2.8640258e-001
  6.0813074e-001
  5.2346535e-001
  4.5684822e-001
  4.0503424e-001
  3.6364011e-001
  3.2968865e-001
  3.0125830e-001
  2.7707046e-001
  5.0490165e-001
  4.5850934e-001
  4.1383696e-001
  3.7477745e-001
  3.4134057e-001
  3.1269028e-001
  2.8797587e-001
  2.6649323e-001
  3.5225487e-001
  3.3851986e-001
  3.2150585e-001
  3.0331904e-001
  2.8526918e-001
  2.6804270e-001
  2.5194392e-001
  2.3706816e-001
  3.9850610e-001
  3.7722264e-001
  3.5277707e-001
  3.2834803e-001
  3.0536685e-001
  2.8431311e-001
  2.6524137e-001
  2.4803779e-001
  4.5762904e-001
  4.2298183e-001
  3.8739454e-001
  3.5476124e-001
  3.2587395e-001
  3.0051846e-001
  2.7824846e-001
  2.5861761e-001
  5.3105509e-001
  4.7405578e-001
  4.2337723e-001
  3.8105082e-001
  3.4573389e-001
  3.1592181e-001
  2.9044175e-001
  2.6842722e-001
  6.0813074e-001
  5.2346535e-001
  4.5684822e-001
  4.0503424e-001
  3.6364011e-001
  3.2968865e-001
  3.0125830e-001
  2.7707046e-001
  6.6327949e-001
  5.6131499e-001
  4.8354185e-001
  4.2456878e-001
  3.7836692e-001
  3.4104705e-001
  3.1017842e-001
  2.8418125e-001
  6.9080598e-001
  5.8421672e-001
  5.0150100e-001
  4.3844130e-001
  3.8910795e-001
  3.4943461e-001
  3.1679780e-001
  2.8946325e-001
  7.0240384e-001
  5.9555384e-001
  5.1137098e-001
  4.4652016e-001
  3.9555393e-001
  3.5454321e-001
  3.2085658e-001
  2.9271003e-001
  7.0558042e-001
  5.9891299e-001
  5.1447180e-001
  4.4914939e-001
  3.9769226e-001
  3.5625444e-001
  3.2222241e-001
  2.9380468e-001
  7.0240384e-001
  5.9555384e-001
  5.1137098e-001
  4.4652016e-001
  3.9555393e-001
  3.5454321e-001
  3.2085658e-001
  2.9271003e-001
  6.9080598e-001
  5.8421672e-001
  5.0150100e-001
  4.3844130e-001
  3.8910795e-001
  3.4943461e-001
  3.1679780e-001
  2.8946325e-001
  6.6327949e-001
  5.6131499e-001
  4.8354185e-001
  4.2456878e-001
  3.7836692e-001
  3.4104705e-001
  3.1017842e-001
  2.8418125e-001
  6.0813074e-001
  5.2346535e-001
  4.5684822e-001
  4.0503424e-001
  3.6364011e-001
  3.2968865e-001
  3.0125830e-001
  2.7707046e-001
  5.3105509e-001
  4.7405578e-001
  4.2337723e-001
  3.8105082e-001
  3.4573389e-001
  3.1592181e-001
  2.9044175e-001
  2.6842722e-001
  4.5762904e-001
  4.2298183e-001
  3.8739454e-001
  3.5476124e-001
  3.2587395e-001
  3.0051846e-001
  2.7824846e-001
  2.5861761e-001
  3.2913853e-001
  3.1809259e-001
  3.0405552e-001
  2.8866326e-001
  2.7303693e-001
  2.5783586e-001
  2.4340325e-001
  2.2989107e-001
  3.6570642e-001
  3.4965618e-001
  3.3036113e-001
  3.1028089e-001
  2.9076681e-001
  2.7243235e-001
  2.5549399e-001
  2.3997491e-001
  4.0902949e-001
  3.8524089e-001
  3.5868005e-001
  3.3271778e-001
  3.0866914e-001
  2.8686766e-001
  2.6726011e-001
  2.4966228e-001
  4.5762904e-001
  4.2298183e-001
  3.8739454e-001
  3.5476124e-001
  3.2587395e-001
  3.0051846e-001
  2.7824846e-001
  2.5861761e-001
  5.0490165e-001
  4.5850934e-001
  4.1383696e-001
  3.7477745e-001
  3.4134057e-001
  3.1269028e-001
  2.8797587e-001
  2.6649323e-001
  5.4116409e-001
  4.8663040e-001
  4.3524230e-001
  3.9118861e-001
  3.5409372e-001
  3.2273859e-001
  2.9599469e-001
  2.7296709e-001
  5.6305603e-001
  5.0510317e-001
  4.5015748e-001
  4.0302328e-001
  3.6345784e-001
  3.3017903e-001
  3.0195034e-001
  2.7777579e-001
  5.7387499e-001
  5.1500760e-001
  4.5866211e-001
  4.1003171e-001
  3.6912014e-001
  3.3472579e-001
  3.0560690e-001
  2.8073265e-001
  5.7707991e-001
  5.1807552e-001
  4.6139400e-001
  4.1233672e-001
  3.7100767e-001
  3.3625216e-001
  3.0683851e-001
  2.8172986e-001
  5.7387499e-001
  5.1500760e-001
  4.5866211e-001
  4.1003171e-001
  3.6912014e-001
  3.3472579e-001
  3.0560690e-001
  2.8073265e-001
  5.6305603e-001
  5.0510317e-001
  4.5015748e-001
  4.0302328e-001
  3.6345784e-001
  3.3017903e-001
  3.0195034e-001
  2.7777579e-001
  5.4116409e-001
  4.8663040e-001
  4.3524230e-001
  3.9118861e-001
  3.5409372e-001
  3.2273859e-001
  2.9599469e-001
  2.7296709e-001
  5.0490165e-001
  4.5850934e-001
  4.1383696e-001
  3.7477745e-001
  3.4134057e-001
  3.1269028e-001
  2.8797587e-001
  2.6649323e-001
  4.5762904e-001
  4.2298183e-001
  3.8739454e-001
  3.5476124e-001
  3.2587395e-001
  3.0051846e-001
  2.7824846e-001
  2.5861761e-001
  4.0902949e-001
  3.8524089e-001
  3.5868005e-001
  3.3271778e-001
  3.0866914e-001
  2.8686766e-001
  2.6726011e-001
  2.4966228e-001
